	Average population 	Live births 	Deaths 	Natural change 	Crude birth rate (per 1000) 	Crude death rate (per 1000) 	Natural change (per 1000) 	Total fertility rates[10] 	Migration change[11] 	Induced abortions[12]
1900 	9,334,000 	330,662 	227,920 	102,742 	35.4 	24.4 	11.0 	4.85
1901 	9,405,000 	325,514 	221,052 	104,462 	34.6 	23.5 	11.1 	4.76
1902 	9,475,000 	333,619 	222,457 	111,162 	35.2 	23.5 	11.7 	4.68
1903 	9,545,000 	318,275 	218,448 	99,827 	33.3 	22.9 	10.5 	4.6
1904 	9,615,000 	319,433 	222,276 	97,157 	33.2 	23.1 	10.1 	4.52
1905 	9,685,000 	300,414 	232,999 	67,415 	31.0 	24.1 	7.0 	4.44
1906 	9,754,000 	313,449 	203,182 	110,267 	32.1 	20.8 	11.3 	4.36
1907 	9,825,000 	306,356 	210,721 	95,635 	31.2 	21.4 	9.7 	4.27
1908 	9,895,000 	308,504 	210,101 	98,403 	31.2 	21.2 	9.9 	4.19
1909 	9,965,000 	305,426 	210,047 	95,379 	30.6 	21.1 	9.6 	4.11
1910 	10,036,000 	295,617 	196,728 	98,889 	29.5 	19.6 	9.9 	4.03
1911 	10,099,000 	289,058 	206,266 	82,792 	28.6 	20.4 	8.2 	3.92
1912 	10,157,000 	280,368 	203,324 	77,044 	27.6 	20.0 	7.6 	3.82
1913 	10,221,000 	275,060 	190,475 	84,585 	26.9 	18.6 	8.3 	3.71
1914 	10,283,000 	269,142 	188,838 	80,304 	26.2 	18.4 	7.8 	3.6
1915 	10,286,000 	197,542 	201,280 	-3,738 	19.2 	19.6 	-0.4 	3.5
1916 	10,222,000 	140,211 	186,381 	-46,170 	13.7 	18.2 	-4.5 	3.39
1917 	10,128,000 	126,916 	188,649 	-61,733 	12.5 	18.6 	-6.1 	3.28
1918 	10,004,000 	120,579 	236,035 	-115,456 	12.1 	23.6 	-11.5 	3.18
1919 	9,922,000 	189,675 	177,428 	12,247 	19.1 	17.9 	1.2 	3.07
1920 	9,978,000 	244,668 	176,562 	68,106 	24.5 	17.7 	6.8 	2.964
1921 	10,002,000 	257,281 	161,321 	95,960 	25.7 	16.1 	9.6 	3.035
1922 	10,113,000 	248,728 	163,366 	85,362 	24.6 	16.2 	8.4 	2.882 	-14,842
1923 	10,198,000 	241,230 	142,335 	98,895 	23.7 	14.0 	9.7 	2.768 	-10,930
1924 	10,278,000 	228,894 	146,098 	82,796 	22.3 	14.2 	8.1 	2.590 	-7,856
1925 	10,370,000 	225,555 	146,450 	79,105 	21.8 	14.1 	7.6 	2.484 	-8,720
1926 	10,443,000 	219,802 	148,298 	71,504 	21.0 	14.2 	6.8 	2.392 	-6,488
1927 	10,496,000 	208,711 	155,479 	53,232 	19.9 	14.8 	5.1 	2.237 	-5,501
1928 	10,549,000 	208,942 	147,064 	61,878 	19.8 	13.9 	5.9 	2.209 	-6,634
1929 	10,598,000 	203,064 	155,493 	47,571 	19.2 	14.7 	4.5 	2.124 	-5,440
1930 	10,648,000 	207,224 	142,159 	65,065 	19.5 	13.4 	6.1 	2.149 	-4,948
1931 	10,702,000 	196,214 	144,534 	51,680 	18.3 	13.5 	4.8 	2.026 	-3,105
1932 	10,750,000 	190,397 	142,997 	47,400 	17.7 	13.3 	4.4 	1.966 	-1,246
1933 	10,791,000 	176,201 	140,906 	35,295 	16.3 	13.1 	3.3 	1.826 	-211
1934 	10,826,000 	171,042 	135,914 	35,128 	15.8 	12.6 	3.2 	1.774 	-1,069
1935 	10,853,000 	161,748 	140,878 	20,870 	14.9 	13.0 	1.9 	1.678 	-1,044
1936 	10,873,000 	157,992 	139,093 	18,899 	14.5 	12.8 	1.7 	1.664 	-1,538
1937 	10,889,000 	155,996 	139,558 	16,438 	14.3 	12.8 	1.5 	1.690 	-2,997
1938 	10,877,000 	163,525 	143,115 	20,410 	15.0 	13.2 	1.9 	1.847
1939 	11,106,000 	192,344 	146,976 	45,368 	17.3 	13.2 	4.1 	1.916
1940 	11,160,000 	218,043 	153,499 	64,544 	19.5 	13.8 	5.8 	2.195
1941 	11,129,000 	208,913 	152,048 	56,865 	18.8 	13.7 	5.1 	2.279
1942 	11,054,000 	199,259 	153,096 	46,163 	18.0 	13.8 	4.2 	2.422
1943 	11,035,000 	225,379 	153,349 	72,030 	20.4 	13.9 	6.5 	2.784
1944 	11,109,000 	230,183 	161,457 	68,726 	20.7 	14.5 	6.2 	2.796
1945 	10,693,000 	194,182 	184,944 	9,238 	18.2 	17.3 	0.9 	2.673
1946 	9,523,000 	210,454 	134,568 	75,886 	22.1 	14.1 	8.0 	3.254
1947 	8,765,000 	206,745 	105,277 	101,468 	23.6 	12.0 	11.6 	3.050 	49,731
1948 	8,893,000 	197,837 	101,501 	96,336 	22.2 	11.4 	10.8 	2.886 	720
1949 	8,893,000 	185,484 	104,632 	80,852 	20.9 	11.8 	9.1 	2.728 	3,202
1950 	8,930,000 	188,341 	103,203 	85,138 	21.1 	11.6 	9.5 	2.801 	16,784
1951 	9,000,000 	185,570 	102,658 	82,912 	20.6 	11.4 	9.2 	2.763 	12,910
1952 	9,075,000 	180,143 	97,726 	82,417 	19.9 	10.8 	9.1 	2.701 	21,022
1953 	9,140,000 	172,547 	98,837 	73,710 	18.9 	10.8 	8.1 	2.611 	11,325
1954 	9,200,000 	168,402 	99,636 	68,766 	18.3 	10.8 	7.5 	2.581 	-2,376
1955 	9,270,000 	165,874 	93,300 	72,574 	17.9 	10.1 	7.8 	2.578 	3,437
1956 	9,330,000 	162,509 	93,526 	68,983 	17.4 	10.0 	7.4 	2.568 	6,176
1957 	9,390,000 	155,429 	98,687 	56,742 	16.6 	10.5 	6.0 	2.495 	6,832
1958 	9,435,000 	141,762 	93,697 	48,065 	15.0 	9.9 	5.1 	2.305 	6,118 	49,035
1959 	9,465,000 	128,982 	97,159 	31,823 	13.6 	10.3 	3.4 	2.121 	8,054 	61,914
1960 	9,490,000 	128,879 	93,863 	35,016 	13.6 	9.9 	3.7 	2.113 	6,521 	67,550
1961 	9,587,000 	131,019 	94,973 	36,046 	13.7 	9.9 	3.8 	2.133 	4,911 	70,062
1962 	9,625,000 	133,557 	104,318 	29,239 	13.9 	10.8 	3.0 	2.140 	5,823 	66,031
1963 	9,671,000 	148,840 	100,129 	48,711 	15.4 	10.4 	5.0 	2.332 	8,277 	51,470
1964 	9,728,000 	154,420 	101,984 	52,436 	15.9 	10.5 	5.4 	2.356 	4,814 	51,525
1965 	9,779,000 	147,438 	105,108 	42,330 	15.1 	10.7 	4.3 	2.178 	3,528 	58,554
1966 	9,821,000 	141,162 	105,784 	35,378 	14.4 	10.8 	3.6 	2.01 	2,127 	65,818
1967 	9,853,000 	138,448 	108,967 	29,481 	14.1 	11.1 	3.0 	1.90 	-3,267 	69,850
1968 	9,876,000 	137,437 	115,195 	22,242 	13.9 	11.7 	2.3 	1.83 	-1,562 	72,488
1969 	9,897,000 	143,165 	120,653 	22,512 	14.5 	12.2 	2.3 	1.86 	-2,724 	74,263
1970 	9,800,000 	147,865 	123,327 	24,538 	15.1 	12.6 	2.5 	1.91 	-4,350 	71,893
1971 	9,827,000 	154,180 	122,375 	31,805 	15.7 	12.5 	3.2 	1.98 	2,490 	68,652
1972 	9,868,000 	163,661 	119,205 	44,456 	16.6 	12.1 	4.5 	2.07 	2,884 	65,079
1973 	9,922,000 	181,750 	124,437 	57,313 	18.3 	12.5 	5.8 	2.29 	4,615 	55,898
1974 	9,988,000 	194,215 	126,809 	67,406 	19.4 	12.7 	6.7 	2.43 	3,052 	56,969
1975 	10,059,000 	191,776 	124,314 	67,462 	19.1 	12.4 	6.7 	2.40 	2,401 	55,511
1976 	10,126,000 	187,378 	125,232 	62,146 	18.5 	12.4 	6.1 	2.36 	2,630 	56,889
1977 	10,187,000 	181,763 	126,214 	55,549 	17.8 	12.4 	5.5 	2.32 	1,307 	61,114
1978 	10,242,000 	178,901 	127,136 	51,765 	17.5 	12.4 	5.1 	2.32 	2,064 	63,904
1979 	10,292,000 	172,112 	127,949 	44,163 	16.7 	12.4 	4.3 	2.29 	2,494 	64,505
1980 	10,283,000 	153,801 	135,537 	18,264 	15.0 	13.2 	1.8 	2.10 	1,856 	68,930
1981 	10,301,000 	144,438 	130,407 	14,031 	14.0 	12.7 	1.4 	2.02 	1,717 	71,574
1982 	10,315,000 	141,738 	130,765 	10,973 	13.7 	12.7 	1.1 	2.01 	1,748 	74,574
1983 	10,324,000 	137,431 	134,474 	2,957 	13.3 	13.0 	0.3 	1.96 	2,383 	75,037
1984 	10,330,000 	136,941 	132,188 	4,753 	13.3 	12.8 	0.5 	1.97 	2,621 	79,534
1985 	10,337,000 	135,881 	131,641 	4,240 	13.1 	12.7 	0.4 	1.96 	2,195 	83,042
1986 	10,341,000 	133,356 	132,585 	771 	12.9 	12.8 	0.1 	1.94 	3,013 	83,564
1987 	10,349,000 	130,921 	127,244 	3,677 	12.7 	12.3 	0.4 	1.91 	2,721 	109,626
1988 	10,356,000 	132,667 	125,694 	6,973 	12.8 	12.1 	0.7 	1.94 	2,544 	113,730
1989 	10,362,000 	128,356 	127,747 	609 	12.4 	12.3 	0.1 	1.87 	1,459 	111,683
1990 	10,363,000 	130,564 	129,166 	1,398 	12.6 	12.5 	0.1 	1.89 	624 	111,268
1991 	10,309,000 	129,354 	124,290 	5,064 	12.5 	12.1 	0.5 	1.86 	2,876 	106,042
1992 	10,318,000 	121,705 	120,337 	1,368 	11.8 	11.7 	0.1 	1.71 	11,781 	94,180
1993 	10,331,000 	121,025 	118,185 	2,840 	11.7 	11.4 	0.3 	1.67 	5,476 	70,634
1994 	10,336,000 	106,579 	117,373 	-10,794 	10.3 	11.4 	-1.0 	1.44 	9,942 	54,836
1995 	10,331,000 	96,097 	117,913 	-21,816 	9.3 	11.4 	-2.1 	1.28 	9,999 	49,531
1996 	10,315,000 	90,446 	112,782 	-22,336 	8.8 	10.9 	-2.2 	1.19 	10,129 	48,086
1997 	10,304,000 	90,657 	112,744 	-22,087 	8.8 	10.9 	-2.1 	1.17 	12,075 	45,022
1998 	10,295,000 	90,535 	109,527 	-18,992 	8.8 	10.6 	-1.8 	1.16 	9,488 	42,959
1999 	10,283,000 	89,471 	109,768 	-20,297 	8.7 	10.7 	-2.0 	1.13 	8,774 	39,382
2000 	10,273,000 	90,910 	109,001 	-18,091 	8.8 	10.6 	-1.8 	1.14 	6,539 	34,623
2001 	10,224,000 	90,715 	107,755 	-17,040 	8.9 	10.5 	-1.7 	1.14 	-8,551 	32,528
2002 	10,201,000 	92,786 	108,243 	-15,457 	9.1 	10.6 	-1.5 	1.17 	12,290 	31,142
2003 	10,207,000 	93,685 	111,288 	-17,603 	9.2 	10.9 	-1.7 	1.18 	25,789 	29,298
2004 	10,216,000 	97,664 	107,177 	-9,513 	9.6 	10.5 	-0.9 	1.23 	18,635 	27,574
2005 	10,236,000 	102,211 	107,938 	-5,727 	10.0 	10.5 	-0.6 	1.28 	36,229 	26,453
2006 	10,269,000 	105,831 	104,441 	1,390 	10.3 	10.2 	0.1 	1.33 	34,720 	25,352
2007 	10,334,000 	114,632 	104,636 	9,996 	11.1 	10.1 	1.0 	1.44 	83,945 	25,414
2008 	10,425,000 	119,570 	104,948 	14,622 	11.5 	10.1 	1.4 	1.50 	71,790 	25,760
2009 	10,488,000 	118,348 	107,421 	10,927 	11.3 	10.2 	1.0 	1.49 	28,344 	24,636
2010 	10,517,000 	117,153 	106,844 	10,309 	11.1 	10.2 	1 	1.49 	15,648 	23,998
2011 	10,514,000 	108,673 	106,848 	1,825 	10.4 	10.2 	0.2 	1.43 	16,889 	24,055
2012 	10,516,100 	108,576 	108,189 	387 	10.3 	10.3 	0.0 	1.45 	10,293 	23,032
2013 	10,512,400 	106,751 	109,160 	-2,409 	10.2 	10.4 	-0.2 	1.46 	-1,297 	22,714
2014 	10,538,300 	109,860 	105,665 	4,195 	10.4 	10.0 	0.4 	1.53 	21,661 	21,893
2015 	10,553,800 	110,764 	111,173 	-409 	10.5 	10.5 	0.0 	1.57 	15,977 	20,403
2016 	10,578,800 	112,663 	107,750 	4,913 	10.7 	10.2 	0.5 	1.63 	20,063 	20,406
2017 	10,610,000 	114,405 	111,443 	2,962 	10.8 	10.5 	0.3 	1.69 	28,273 	19,415
2018 	10,649,800 	114,036 	112,920 	1,116 	10.7 	10.6 	0.1 	1.71 	38,629 	18,298
2019 	10,693,939 	112,231 	112,362 	-131 	10.5 	10.5 	-0.0 	1.71 	44,270 	17,751
2020 	10,700,155 	110,200 	129,289 	-19,089 	10.3 	12.1 	-1.8 	1.71 	26,927 	16,886
2021[13] 	10,524,167 	111,793 	139,891 	-28,098 	10.6 	13.3 	-2.7 	1.83 	49,969 	15,492
2022[14] 	10,759,525 	101,299 	120,219 	-18,920 	9.5 	11.4 	-1.9 	1.62 	329,742 	16,438
2023 	10,827,529 