 	Average population (June 30) 	Live births 	Deaths 	Natural change 	Crude birth rate (per 1000) 	Crude death rate (per 1000) 	Natural change (per 1000) 	Crude migration change (per 1000) 	Total Fertility Rates[fn 1][31][36][37][38][39]
All of
Germany 	FRG 	(Former)
GDR
1817 	25,009,000 	987,856 	675,243 	312,613 	39.5 	27.0 	12.5 		
1818 	25,369,000 	1,002,076 	687,500 	314,576 	39.5 	27.1 	12.4 	2.0 	
1819 	25,733,000 	1,067,920 	717,951 	349,969 	41.5 	27.9 	13.6 	0.7 	
1820 	26,101,000 	1,041,430 	636,864 	404,566 	39.9 	24.4 	15.5 	-1.2 	
1821 	26,473,000 	1,080,098 	606,232 	473,867 	40.8 	22.9 	17.9 	-3.6 	
1822 	26,851,000 	1,065,985 	660,535 	405,450 	39.7 	24.6 	15.1 	-0.8 	
1823 	27,217,000 	1,056,020 	666,817 	389,203 	38.8 	24.5 	14.3 	-0.7 	
1824 	27,571,000 	1,064,241 	667,218 	397,022 	38.6 	24.2 	14.4 	-1.4 	
1825 	27,930,000 	1,092,063 	684,285 	407,778 	39.1 	24.5 	14.6 	-1.6 	
1826 	28,259,000 	1,099,275 	737,560 	361,715 	38.9 	26.1 	12.8 	-1.0 	
1827 	28,558,000 	1,030,944 	753,931 	277,013 	36.1 	26.4 	9.7 	0.9 	
1828 	28,863,000 	1,041,954 	767,756 	274,199 	36.1 	26.6 	9.5 	1.2 	
1829 	29,143,000 	1,028,748 	810,175 	218,573 	35.3 	27.8 	7.5 	2.2 	
1830 	29,392,000 	1,043,416 	805,341 	238,075 	35.5 	27.4 	8.1 	0.4 	
1831 	29,642,000 	1,037,047 	901,117 	136,353 	35.0 	30.4 	4.6 	3.9 	
1832 	29,906,000 	1,019,795 	864,283 	155,511 	34.1 	28.9 	5.2 	3.7 	
1833 	30,185,000 	1,107,790 	860,273 	247,517 	36.7 	28.2 	8.2 	1.1 	
1834 	30,467,000 	1,145,559 	895,730 	249,829 	37.6 	29.4 	8.2 	1.1 	
1835 	30,802,000 	1,121,193 	807,012 	314,180 	36.4 	26.2 	10.2 	0.8 	
1836 	31,129,000 	1,142,434 	806,241 	336,193 	36.7 	25.9 	10.8 	-0.2 	
1837 	31,455,000 	1,141,817 	915,341 	226,476 	36.3 	29.1 	7.2 	3.3 	
1838 	31,824,000 	1,155,211 	827,424 	327,787 	36.3 	26.0 	10.3 	1.4 	
1839 	32,223,000 	1,172,917 	876,466 	296,452 	36.4 	27.2 	9.2 	3.3 	
1840 	32,621,000 	1,187,404 	864,457 	322,948 	36.4 	26.5 	9.9 	2.5 	
1841 	32,979,000 	1,201,587 	864,075 	337,512 	36.4 	26.2 	10.2 	0.8 	
1842 	33,298,000 	1,251,102 	902,529 	348,573 	37.6 	27.1 	10.5 	-0.8 	
1843 	33,605,000 	1,209,762 	905,608 	304,154 	36.0 	26.9 	9.1 	0.1 	
1844 	33,922,000 	1,216,429 	830,345 	386,084 	35.9 	24.5 	11.4 	-2.0 	
1845 	34,284,000 	1,278,286 	867,729 	410,557 	37.3 	25.3 	12.0 	-1.3 	
1846 	34,610,000 	1,244,369 	939,436 	304,933 	36.0 	27.1 	8.8 	0.7 	
1847 	34,784,000 	1,156,820 	983,981 	172,839 	33.3 	28.3 	5.0 	0 	
1848 	34,839,000 	1,160,533 	1,011,954 	148,579 	33.3 	29.0 	4.3 	-2.7 	
1849 	35,004,000 	1,333,379 	947,476 	385,903 	38.1 	27.1 	11.0 	-6.3 	
1850 	35,303,000 	1,311,726 	903,521 	408,203 	37.2 	25.6 	11.6 	-3.1 	
1851 	35,620,000 	1,306,877 	889,601 	417,276 	36.7 	25.0 	11.7 	-2.7 	
1852 	35,858,000 	1,271,446 	1,018,135 	253,311 	35.5 	28.4 	7.1 	-0.4 	
1853 	35,989,000 	1,244,192 	978,650 	265,542 	34.6 	27.2 	7.4 	-3.7 	
1854 	35,923,000 	1,226,769 	972,726 	254,043 	34.0 	27.0 	6.9 	-8.7 	
1855 	36,136,000 	1,162,945 	1,016,284 	146,661 	32.2 	28.1 	4.1 	1.8 	
1856 	36,257,000 	1,215,390 	913,913 	301,477 	33.5 	25.2 	8.3 	-5.0 	
1857 	36,524,000 	1,315,034 	991,753 	323,281 	36.0 	27.2 	8.9 	-1.5 	
1858 	36,828,000 	1,354,817 	985,176 	368,641 	36.8 	26.8 	10.0 	-1.7 	
1859 	37,188,000 	1,393,339 	956,924 	436,415 	37.5 	25.7 	11.7 	-1.9 	
1860 	37,609,000 	1,367,012 	873,364 	493,648 	36.3 	23.2 	13.1 	-1.8 	
1861 	38,001,000 	1,357,355 	972,989 	384,366 	35.7 	25.6 	10.1 	0.3 	
1862 	38,360,000 	1,358,896 	945,530 	413,366 	35.4 	24.6 	10.8 	-1.4 	
1863 	38,763,000 	1,454,340 	996,193 	458,147 	37.5 	25.7 	11.8 	-1.3 	
1864 	39,187,000 	1,481,778 	1,027,756 	454,022 	37.8 	26.2 	11.6 	-0.7 	
1865 	39,545,000 	1,488,620 	1,091,419 	397,201 	37.6 	27.6 	10.0 	-0.9 	
1866 	39,765,000 	1,505,287 	1,217,591 	287,696 	37.8 	30.6 	7.2 	-1.6 	
1867 	40,031,000 	1,471,747 	1,045,534 	426,213 	36.8 	26.1 	10.6 	-3.9 	
1868 	40,223,000 	1,481,727 	1,110,620 	371,107 	36.8 	27.6 	9.2 	-4.4 	
1869 	40,493,000 	1,529,387 	1,089,503 	439,884 	37.8 	26.9 	10.9 	-4.2 	
1870 	40,804,000 	1,569,206 	1,117,875 	451,331 	38.5 	27.4 	11.1 	-3.4 	
1871 	40,997,000 	1,414,248 	1,212,869 	201,379 	34.5 	29.6 	4.9 	-0.2 	4.47
1872 	41,230,000 	1,626,037 	1,194,732 	431,305 	39.5 	29.0 	10.5 	-4.8 	5.11
1873 	41,564,000 	1,648,117 	1,174,293 	473,824 	39.7 	28.3 	11.4 	-3.3 	5.17
1874 	42,004,000 	1,683,440 	1,122,396 	561,044 	40.1 	26.7 	13.4 	-2.8 	5.24
1875 	42,518,000 	1,724,412 	1,172,393 	552,019 	40.6 	27.6 	13.0 	-0.8 	5.34
1876 	43,059,000 	1,761,046 	1,134,452 	626,594 	40.9 	26.3 	14.6 	-1.9 	5.42
1877 	43,610,000 	1,744,659 	1,152,023 	592,636 	40.0 	26.4 	13.6 	-0.8 	5.34
1878 	44,135,000 	1,716,852 	1,156,337 	560,515 	35.5 	28.4 	12.7 	-0.7 	5.20
1879 	44,655,000 	1,737,080 	1,143,168 	593,912 	38.9 	26.2 	12.5 	-0.7 	5.22
1880 	45,095,000 	1,696,175 	1,173,205 	522,970 	37.6 	26.0 	11.6 	-1.7 	5.05
1881 	45,426,000 	1,682,649 	1,156,391 	525,758 	37.0 	25.5 	11.5 	-4.2 	4.98
1882 	45,717,000 	1,702,348 	1,176,853 	525,495 	37.2 	25.7 	11.5 	-5.1 	5.01
1883 	46,014,000 	1,683,699 	1,190,002 	493,697 	36.6 	25.9 	10.7 	-4.2 	4.92
1884 	46,335,000 	1,725,583 	1,203,500 	522,083 	37.2 	26.0 	11.3 	-4.3 	5.02
1885 	46,705,000 	1,729,927 	1,199,742 	530,185 	37.0 	25.7 	11.4 	-3.4 	4.99
1886 	47,103,000 	1,746,133 	1,233,737 	512,396 	37.1 	26.2 	10.9 	-2.4 	4.99
1887 	47,540,000 	1,757,079 	1,151,924 	605,155 	36.9 	24.2 	12.7 	-3.4 	4.96
1888 	48,020,000 	1,761,407 	1,142,826 	618,581 	36.6 	23.7 	12.9 	-2.8 	4.92
1889 	48,512,000 	1,772,570 	1,153,087 	619,483 	36.4 	23.7 	12.8 	-2.6 	4.88
1890 	49,239,000 	1,759,253 	1,199,006 	560,247 	35.7 	24.4 	11.4 	3.6 	4.78
1891 	49,767,000 	1,840,172 	1,164,421 	675,751 	37.0 	23.4 	13.6 	-2.9 	4.92
1892 	50,279,000 	1,795,971 	1,211,402 	584,569 	35.7 	24.1 	11.6 	-1.3 	4.73
1893 	50,778,000 	1,865,715 	1,248,201 	617,514 	36.8 	24.6 	12.2 	-2.3 	4.83
1894 	51,339,000 	1,841,205 	1,144,331 	696,874 	35.9 	22.3 	13.6 	-2.6 	4.70
1895 	52,001,000 	1,877,278 	1,151,488 	725,790 	36.1 	22.1 	14.0 	-1.1 	4.71
1896 	52,753,000 	1,914,749 	1,098,966 	815,783 	36.3 	20.8 	15.5 	-1.0 	4.72
1897 	53,549,000 	1,926,690 	1,142,056 	784,634 	36.1 	21.3 	14.7 	0.4 	4.67
1898 	54,406,000 	1,964,731 	1,117,860 	846,871 	36.1 	20.5 	15.6 	0.4 	4.69
1899 	55,248,000 	1,980,304 	1,185,197 	795,107 	35.9 	21.5 	14.4 	1.1 	4.66
1900 	56,046,000 	1,996,139 	1,236,382 	759,757 	35.6 	22.1 	13.6 	0.8 	4.63
1901 	56,874,000 	2,032,313 	1,174,489 	857,824 	35.7 	20.7 	15.0 	-0.2 	4.65
1902 	57,767,000 	2,024,735 	1,122,492 	902,243 	35.1 	19.4 	15.7 	0 	4.56
1903 	58,629,000 	1,983,078 	1,170,905 	812,173 	33.8 	20.0 	13.8 	1.1 	4.40
1904 	59,475,000 	2,025,847 	1,163,183 	862,664 	34.0 	19.6 	14.5 	-0.1 	4.42
1905 	60,314,000 	1,987,153 	1,194,314 	792,839 	33.0 	19.8 	13.1 	1.0 	4.27
1906 	61,153,000 	2,022,477 	1,112,202 	910,275 	33.1 	18.2 	14.9 	-1.0 	4.28
1907 	62,013,000 	1,999,933 	1,117,309 	882,624 	32.3 	18.0 	14.2 	-0.1 	4.18
1908 	62,863,000 	2,015,052 	1,135,490 	879,562 	32.1 	18.1 	14.0 	-0.3 	4.15
1909 	63,857,000 	1,978,278 	1,094,217 	884,061 	31.0 	17.2 	13.9 	1.9 	4.01
1910 	64,568,000 	1,924,778 	1,045,665 	879,113 	29.8 	16.2 	13.6 	-2.5 	3.85
1911 	65,359,000 	1,870,729 	1,130,784 	739,945 	28.6 	17.3 	11.3 	1.0 	3.69
1912 	66,146,000 	1,869,636 	1,029,749 	839,887 	28.3 	15.6 	12.7 	-0.7 	3.64
1913 	66,978,000 	1,838,750 	1,004,950 	833,800 	27.5 	15.0 	12.4 	0.2 	3.53
1914 	67,790,000 	1,818,596 	1,291,310 	527,286 	26.8 	19.0 	7.8 	4.3 	3.44
1915 	67,883,000 	1,382,546 	1,450,420 	–67,874 	20.4 	21.4 	–1.0 	2.4 	2.58
1916 	67,715,000 	1,029,484 	1,298,054 	–268,570 	15.2 	19.2 	–4.1 	1.6 	1.90
1917 	67,368,000 	912,109 	1,345,424 	–433,315 	13.9 	20.6 	–6.4 	1.3 	1.66
1918 	66,811,000 	926,813 	1,606,475 	–679,662 	14.3 	24.8 	–10.2 	1.9 	1.67
1919 	62,897,000 	1,260,500 	978,380 	282,120 	20.0 	15.6 	4.5 	-63.1 	2.37
1920 	61,794,000 	1,599,287 	932,929 	666,358 	25.9 	15.1 	10.8 	-28.3 	3.06
1921 	62,473,000 	1,581,130 	869,555 	711,575 	25.3 	13.9 	11.4 	-0.4 	2.98
1922 	61,890,000 	1,424,804 	890,181 	534,623 	23.0 	14.4 	8.6 	-17.9 	2.69
1923 	62,250,000 	1,318,489 	866,754 	451,735 	21.2 	13.9 	7.2 	-1.4 	2.45
1924 	62,740,000 	1,290,763 	766,957 	523,806 	20.6 	12.2 	8.3 	-0.4 	2.37
1925 	63,110,000 	1,311,259 	753,017 	558,242 	20.8 	11.9 	8.8 	-2.9 	2.38
1926 	63,510,000 	1,245,471 	742,955 	502,516 	19.6 	11.7 	7.9 	-1.6 	2.23
1927 	63,940,000 	1,178,892 	765,331 	413,561 	18.4 	12.0 	6.5 	0.3 	2.09
1928 	64,470,000 	1,199,998 	747,444 	452,554 	18.6 	11.6 	7.0 	1.3 	2.11
1929 	64,670,000 	1,164,062 	814,545 	349,517 	18.0 	12.6 	5.4 	-2.3 	2.02
1930 	65,130,000 	1,144,151 	718,807 	425,344 	17.6 	11.0 	6.5 	0.6 	1.98
1931 	65,510,000 	1,047,775 	734,165 	313,610 	16.0 	11.2 	4.8 	1.0 	1.80
1932 	65,716,000 	993,126 	707,642 	285,484 	15.1 	10.8 	4.3 	-1.2 	1.70
1933 	66,027,000 	971,174 	737,877 	233,297 	14.7 	11.2 	3.5 	1.2 	1.67
1934 	66,409,000 	1,198,350 	725,000 	473,000 	18.0 	10.9 	7.1 	-1.3 	2.07
1935 	66,871,000 	1,263,976 	792,018 	471,958 	18.9 	11.8 	7.1 	-0.1 	2.20
1936 	67,349,000 	1,278,583 	795,793 	482,790 	19.0 	11.8 	7.2 	-0.1 	2.25
1937 	67,831,000 	1,277,046 	794,367 	482,679 	18.8 	11.7 	7.1 	0.1 	2.28
1938 	68,424,000 	1,348,534 	799,220 	549,314 	19.7 	11.7 	8.0 	0.7 	2.45
1939 	69,314,000 	1,413,230 	854,348 	558,882 	20.4 	12.3 	8.1 	4.9 	2.59
1940 	69,838,000 	1,402,258 	885,591 	516,667 	20.1 	12.7 	7.4 	0.2 	2.59
1941 	70,244,000 	1,308,232 	844,435 	463,797 	18.6 	12.0 	6.6 	-0.8 	2.43
1942 	70,834,000 	1,055,915 	847,861 	208,054 	14.9 	12.0 	2.9 	5.5 	1.97
1943 	70,411,000 	1,124,718 	853,246 	271,472 	16.0 	12.1 	3.9 	-9.9 	2.10
1944 	69,000,000 	1,090,000(e) 	915,000 	175,000 	15.8 	13.3 	2.5 	-22.5 	2.05
1945 	66,000,000 	820,000(e) 	1,210,000 	–390,000 	12.4 	18.3 	–5.9 	-37.6 	1.56
1946 	64,260,000 	921,998 	1,001,331 	–79,333 	14.3 	15.6 	–1.2 	-25.2 	1.76 		
1947 	65,842,000 	1,028,421 	932,628 	95,793 	15.6 	14.2 	1.5 	23.1 	1.92 	2.01 	1.75
1948 	67,365,000 	1,049,074 	804,839 	244,235 	15.6 	11.9 	3.6 	19.5 	1.96 	2.07 	1.76
1949 	68,080,000 	1,106,803 	770,852 	335,951 	16.3 	11.3 	4.9 	5.7 	2.11 	2.14 	2.03
1950 	68,374,000 	1,116,701 	748,329 	368,372 	16.3 	10.9 	5.4 	-1.1 	2.14 	2.10 	2.35
1951 	68,882,000 	1,106,380 	752,697 	353,683 	16.1 	10.9 	5.1 	2.3 	2.16 	2.06 	2.46
1952 	69,171,000 	1,105,084 	767,639 	337,445 	16.0 	11.1 	4.9 	-0.7 	2.16 	2.08 	2.42
1953 	69,564,000 	1,095,029 	790,654 	304,375 	15.7 	11.4 	4.4 	1.3 	2.15 	2.07 	2.40
1954 	69,934,000 	1,109,743 	775,291 	334,452 	15.9 	11.1 	4.8 	0.5 	2.18 	2.12 	2.38
1955 	70,307,000 	1,113,408 	795,938 	317,470 	15.8 	11.3 	4.5 	0.8 	2.18 	2.11 	2.38
1956 	70,711,000 	1,137,169 	812,111 	325,058 	16.1 	11.5 	4.6 	1.1 	2.22 	2.19 	2.30
1957 	71,166,000 	1,165,555 	840,195 	325,360 	16.4 	11.8 	4.6 	1.8 	2.28 	2.28 	2.24
1958 	71,637,000 	1,175,870 	818,418 	357,452 	16.4 	11.4 	5.0 	1.6 	2.29 	2.29 	2.22
1959 	72,180,000 	1,243,922 	835,402 	408,520 	17.2 	11.6 	5.7 	1.9 	2.36 	2.34 	2.37
1960 	72,664,000 	1,261,614 	876,721 	384,893 	17.4 	12.1 	5.3 	1.4 	2.37 	2.37 	2.35
1961 	73,352,000 	1,313,505 	850,300 	463,205 	17.9 	11.6 	6.3 	3.2 	2.45 	2.47 	2.42
1962 	74,049,000 	1,316,534 	878,814 	437,720 	17.8 	11.9 	5.9 	3.6 	2.44 	2.45 	2.42
1963 	75,019,000 	1,355,595 	895,070 	460,525 	18.1 	11.9 	6.1 	7.0 	2.51 	2.52 	2.47
1964 	75,273,000 	1,357,304 	870,319 	486,985 	18.0 	11.6 	6.5 	-3.1 	2.54 	2.55 	2.48
1965 	76,061,000 	1,325,386 	907,882 	417,504 	17.4 	11.9 	5.5 	5.0 	2.50 	2.51 	2.48
1966 	76,734,000 	1,318,303 	911,984 	406,319 	17.2 	11.9 	5.3 	3.5 	2.51 	2.54 	2.43
1967 	76,954,000 	1,272,276 	914,417 	357,859 	16.5 	11.9 	4.7 	-1.8 	2.48 	2.54 	2.34
1968 	77,249,000 	1,214,968 	976,521 	238,447 	15.7 	12.6 	3.1 	0.7 	2.38 	2.39 	2.30
1969 	77,918,000 	1,142,366 	988,092 	154,274 	14.7 	12.7 	2.0 	6.7 	2.21 	2.20 	2.24
1970 	77,772,000 	1,047,737 	975,664 	72,073 	13.5 	12.5 	0.9 	-2.8 	2.03 	1.99 	2.19
1971 	78,355,000 	1,013,396 	965,623 	47,773 	12.9 	12.3 	0.6 	6.9 	1.96 	1.92 	2.13
1972 	78,717,000 	901,657 	965,689 	-64,032 	11.5 	12.3 	-0.8 	5.4 	1.73 	1.72 	1.79
1973 	78,951,000 	815,969 	962,988 	-147,019 	10.3 	12.2 	-1.9 	4.9 	1.56 	1.54 	1.58
1974 	78,966,000 	805,500 	956,573 	-151,073 	10.2 	12.1 	-1.9 	2.1 	1.53 	1.51 	1.54
1975 	78,862,000 	782,310 	989,649 	-207,339 	9.9 	12.5 	-2.6 	1.3 	1.48 	1.45 	1.54
1976 	78,299,000 	798,334 	966,873 	-168,539 	10.2 	12.3 	-2.2 	-4.9 	1.51 	1.46 	1.64
1977 	78,161,000 	805,496 	931,155 	-125,659 	10.3 	11.9 	-1.6 	-0.2 	1.51 	1.40 	1.85
1978 	78,066,000 	808,619 	955,550 	-146,931 	10.4 	12.2 	-1.9 	0.7 	1.50 	1.38 	1.90
1979 	78,082,000 	817,217 	944,474 	-127,257 	10.5 	12.1 	-1.6 	1.8 	1.50 	1.39 	1.90
1980 	78,295,000 	865,789 	952,371 	-86,582 	11.1 	12.2 	-1.1 	3.8 	1.56 	1.44 	1.94
1981 	78,399,000 	862,100 	954,436 	-92,336 	11.0 	12.2 	-1.2 	2.5 	1.53 	1.43 	1.85
1982 	78,293,000 	861,275 	943,832 	-82,557 	11.0 	12.1 	-1.1 	-0.3 	1.51 	1.41 	1.86
1983 	78,082,000 	827,933 	941,032 	-113,099 	10.6 	12.1 	-1.4 	-1.3 	1.43 	1.33 	1.79
1984 	77,797,000 	812,292 	917,299 	-105,007 	10.4 	11.8 	-1.3 	-2.4 	1.39 	1.29 	1.74
1985 	77,619,000 	813,803 	929,649 	-115,846 	10.5 	12.0 	-1.5 	-0.8 	1.37 	1.28 	1.73
1986 	77,635,000 	848,232 	925,426 	-77,194 	10.9 	11.9 	-1.0 	1.2 	1.41 	1.34 	1.70
1987 	77,718,000 	867,969 	901,291 	-33,322 	11.2 	11.6 	-0.4 	1.5 	1.43 	1.37 	1.74
1988 	78,116,000 	892,993 	900,627 	-7,634 	11.4 	11.5 	-0.1 	5.2 	1.46 	1.41 	1.67
1989 	78,677,000 	880,459 	903,441 	-22,982 	11.2 	11.5 	-0.3 	7.5 	1.42 	1.39 	1.56
1990 	79,753,227[40] 	905,675 	921,445 	-15,770 	11.4 	11.6 	-0.2 	13.9 	1.45 	1.45 	1.52
1991 	80,274,564 	830,019 	911,245 	-81,226 	10.4 	11.4 	-1.0 	7.5 	1.33 	1.42 	0.98
1992 	80,974,632 	809,114 	885,443 	-76,329 	10.1 	11.0 	-1.0 	9.7 	1.29 	1.40 	0.83
1993 	81,338,093 	798,447 	897,270 	-98,823 	9.9 	11.1 	-1.2 	5.7 	1.28 	1.39 	0.78
1994 	81,538,603 	769,603 	884,661 	-115,058 	9.5 	10.9 	-1.4 	3.9 	1.24 	1.35 	0.77
1995 	81,817,499 	765,221 	884,588 	-119,367 	9.4 	10.8 	-1.5 	4.9 	1.25 	1.34 	0.84
1996 	82,012,162 	796,013 	882,843 	-86,830 	9.7 	10.8 	-1.1 	3.5 	1.32 	1.40 	0.95
1997 	82,057,379 	812,173 	860,389 	-48,216 	9.9 	10.5 	-0.6 	1.2 	1.37 	1.44 	1.04
1998 	82,037,011 	785,034 	852,382 	-67,348 	9.6 	10.4 	-0.8 	0.6 	1.36 	1.41 	1.09
1999 	82,163,475 	770,744 	846,330 	-75,586 	9.4 	10.3 	-0.9 	2.4 	1.36 	1.41 	1.15
2000 	82,259,540 	766,999 	838,797 	-71,798 	9.3 	10.2 	-0.9 	2.1 	1.38 	1.41 	1.21
2001 	82,440,309 	734,475 	828,541 	-94,066 	8.9 	10.1 	-1.1 	3.3 	1.35 	1.38 	1.23
2002 	82,536,680 	719,250 	841,686 	-122,436 	8.7 	10.2 	-1.5 	2.7 	1.34 	1.37 	1.24
2003 	82,531,671 	706,721 	853,946 	-147,225 	8.6 	10.3 	-1.8 	1.7 	1.34 	1.36 	1.26
2004 	82,500,849 	705,622 	818,271 	-112,649 	8.5 	9.9 	-1.4 	1.0 	1.36 	1.37 	1.31
2005 	82,437,995 	685,795 	830,227 	-144,432 	8.3 	10.1 	-1.8 	1.0 	1.34 	1.36 	1.30
2006 	82,314,906 	672,724 	821,627 	-148,903 	8.2 	10.0 	-1.8 	0.3 	1.33 	1.34 	1.30
2007 	82,217,837 	684,862 	827,155 	-142,293 	8.3 	10.0 	-1.7 	0.5 	1.37 	1.38 	1.37
2008 	81,802,257 	682,514 	844,439 	-161,925 	8.3 	10.3 	-2.0 	-3.1 	1.38 	1.37 	1.40
2009 	81,802,257 	665,126 	854,544 	-189,418 	8.1 	10.4 	-2.3 	2.3 	1.36 	1.35 	1.40
2010 	81,751,602 	677,947 	858,768 	-180,821 	8.3 	10.5 	-2.2 	1.6 	1.39 	1.39 	1.46
2011 	80,233,100 [41] 	662,685 	852,328 	-189,643 	8.1 	10.4 	-2.3 	-16.3 	1.39 	1.38 	1.46
2012 	80,399,300 	673,544 	869,582 	-196,038 	8.4 	10.8 	-2.4 	4.5 	1.41 	1.40 	1.48
2013 	80,585,700 	682,069 	893,825 	-211,756 	8.5 	11.1 	-2.6 	4.9 	1.42 	1.41 	1.49
2014 	80,925,000 	714,927 	868,356 	-153,429 	8.9 	10.8 	-1.9 	6.1 	1.47 	1.47 	1.54
2015 	81,459,000 	737,575 	925,200 	-187,625 	9.1 	11.4 	-2.3 	8.9 	1.50 	1.50 	1.56
2016 	82,349,400 	792,141 	910,902 	-118,761 	9.6 	11.1 	-1.4 	12.3 	1.59 	1.60 	1.64
2017 	82,665,600 	784,901 	932,272 	-147,371 	9.5 	11.3 	-1.8 	5.6 	1.57 	1.58 	1.61
2018 	82,887,000 	787,523 	954,874 	-167,351 	9.5 	11.5 	-2.0 	4.7 	1.57 	1.58 	1.60
2019 	83,073,062 	778,090 	939,520 	-161,430 	9.4 	11.3 	-1.9 	4.1 	1.54 	1.56 	1.56
2020 	83,122,889 	773,144 	985,572 	-212,428 	9.3 	11.8 	-2.6 	3.2 	1.53 	1.55 	1.54
2021 	83,129,285 	795,492 	1,023,687 	-228,195 	9.6 	12.3 	-2.7 	2.8 	1.58 	1.60 	1.54
2022 	84,079,811 	738,819 	1,066,341 	–327,522 	8.8 	12.7 	–3.9 	15.3 	1.46 	1.48 	1.43 
